131.93043    943705    133.93076    918554    2.00033    0.973
139.98669    814249    141.98705    811147    2.00036    0.996
145.89693    918552    147.89735    799626    2.00042    0.871
153.85648    888755    155.8568    833224    2.00032    0.938
166.88481    856785    168.88529    798758    2.00048    0.932
202.07186    1019791    204.07234    846972    2.00048    0.831
222.92083    5253219    224.92122    3228837    2.00039    0.615
266.88953    12113341    268.88991    7876303    2.00038    0.65
276.80837    2080419    278.80881    2074499    2.00044    0.997
284.90006    1309691    286.90051    1300156    2.00045    0.993
312.82951    2026725    314.82997    1585528    2.00046    0.782
318.90556    4397222    320.90598    3620156    2.00042    0.823
328.82445    1664933    330.82482    1459273    2.00037    0.876
350.80634    2990065    352.80673    2101466    2.00039    0.703
368.81697    1740528    370.81735    1467912    2.00038    0.843
387.84535    988380    389.84571    922639    2.00036    0.933
