mz	Intensity	SN	Resolution
93.06991	11490162		1220345
93.49588	5106126		1080968
93.49598	2219335		1667303
94.99782	2004224		1422240
95.08556	25391034		1221312
95.73909	1894243		777265
96.00003	3565171		1274326
97.06483	1996969		1609931
98.63474	2705365		1301223
99.07754	14949776		1143761
99.7652	5699611		1612191
101.05974	2204655		1375104
103.07529	3330244		2083714
103.07539	30063876		1160798
104.07875	1749860		883552
105.06991	5908595		1210981
107.08556	27878492		1134461
107.08567	2486236		2503007
108.08891	2796944		1255740
109.1011	2547203		1886222
109.10121	20933124		1102414
109.70514	1665481		1263767
111.08047	3962861		1060882
117.09104	5632065		820990
118.35719	2023194		1102115
119.08556	4202757		959547
121.06482	2656214		948004
121.10121	40879700		958493
121.10135	3171413		1977528
122.10456	3793731		925704
123.08047	2374518		1014780
123.11685	8748853		946680
125.09611	6400552		966028
125.52588	1736616		1004900
128.62382	42024516		873286
128.62398	5131844		2265806
128.62415	28553796		842456
128.62447	11618372		845754
129.12553	6787662		879300
129.12584	6183758		873755
129.12619	1824718		1114429
131.08556	3817093		854349
131.10669	4289926		795202
131.57982	1669399		861848
131.61861	1816985		985656
131.61892	1698329		774476
132.62639	4317635		814622
132.62675	4037059		842938
133.10121	9629402		886214
133.22628	1803104		954273
135.11671	8216398		1141262
135.11686	40359756		897660
135.11704	3782478		991996
135.6317	4558193		762993
135.63206	4849905		631726
136.12022	4112788		997339
137.09613	1761249		1073670
137.13251	3182308		956636
139.11178	7741082		852964
142.63946	57369152		806350
142.63966	5976638		1618735
142.63987	22391358		776609
142.64027	13082174		749292
143.10673	1962495		597060
143.14118	9401476		780809
143.14138	1705092		2170972
143.14158	14459524		754372
143.14199	3513477		724529
145.10121	4905391		827443
145.12238	5361331		691043
145.88631	1692082		903599
145.89125	1698867		725338
147.11685	7303947		819792
149.02335	97744504		790630
149.05974	1956736		1047803
149.09612	2269959		744974
149.13251	50316944		791185
149.1327	5992079		1108690
149.64739	2474360		683124
149.64771	1809400		939518
149.64788	2021112		652065
149.99778	1735745		896380
150.02671	10357575		808728
150.13586	7534430		771219
150.14949	1830497		818364
151.07538	2683177		830781
151.11177	2177073		868608
151.14815	3858489		841999
152.02955	2433663		657042
153.12743	11529727		701867
154.06113	2792673		838180
157.10121	2152182		707809
157.12227	2109564		712832
157.12243	2211964		693180
158.04487	1722106		653526
159.11685	5576235		774746
159.13802	11269169		651405
161.05973	12521065		735354
161.09612	10721908		749620
161.13251	10802815		739911
162.09947	1762217		892477
162.13587	2021172		547225
162.52807	1964847		463985
162.56024	1741369		858974
162.56618	1968187		624029
163.039	10354896		722903
163.07537	3163868		807935
163.14816	51463412		685278
164.15122	1752630		896493
164.15151	6775350		755205
165.05465	1808479		818191
165.09104	2236779		823211
165.12743	2845560		730118
165.16379	3189892		513890
167.07031	3095563		762973
167.14309	14512676		635264
167.30244	1804635		614550
167.30655	1713372		560217
167.30697	2175453		572254
167.31132	2257502		547857
167.34165	2311529		800637
167.34288	1740905		786101
167.34321	1779305		562576
167.34426	1842793		663210
167.34607	1822314		627103
167.34774	1934699		559140
171.11685	2191286		806914
171.13806	5044670		587023
171.97204	1748213		883423
172.11562	1730219		628626
172.37647	1814030		537167
172.41767	1673629		712880
172.41848	1843869		689482
173.13249	7616173		658930
173.15332	2977717		692671
173.15368	27038390		592879
174.13112	10456110		682383
174.15702	3846200		638455
175.11175	3839406		748649
175.13448	1731254		934259
175.14814	20307388		670678
176.1515	2700106		768355
177.05461	1868724		818290
177.09101	2768579		775768
177.11226	2637003		538597
177.1638	56064224		613067
178.16715	7512696		614519
179.07033	4709355		521235
179.10668	3224570		644624
179.14306	3043337		585031
179.17941	1985048		590276
181.08593	1897014		719569
181.12233	2291013		712905
181.15826	2034004		1094656
181.15873	20467540		527178
182.16208	2596095		519707
183.08048	2175113		606744
183.10159	1841810		638124
185.1325	1878021		730374
185.15362	3795470		599573
185.15382	3830798		645130
186.13584	1677247		679269
187.11173	1791088		758693
187.14814	7001472		628719
187.16934	42588552		464204
188.17268	6065483		449505
189.12741	3022585		561944
189.16379	13389065		566874
191.14306	2583695		633579
191.17945	36319392		517420
192.1828	5069933		519089
193.12236	1897247		463151
193.15873	4707376		399774
195.06524	1745319		721584
195.17441	16807898		413168
196.17781	2538161		499113
197.15392	1780092		727913
199.08263	1788685		602698
199.16921	2724663		575208
199.16956	3418935		672181
201.18506	56550136		504268
202.18841	7589079		468242
203.10666	3214991		643170
203.10696	1725839		886514
203.17948	5149362		613505
205.08593	3146310		623632
205.08622	3177542		534135
205.15871	2149993		802439
205.19456	2805882		621967
205.19473	3558010		1164994
205.19514	19962490		501042
206.10324	7325743		455600
206.19853	4010077		563533
207.13801	2090018		647157
207.17453	4283443		411424
208.09216	39161836		598578
208.09254	5984238		651743
209.09551	3934673		624419
209.1537	2832877		536822
209.18944	2310142		499257
209.19013	18584062		410344
210.08803	2061743		436883
210.08921	14046128		587372
210.1935	2792162		414626
211.0826	2217870		594244
211.09652	1870229		405670
211.16955	1850296		653980
213.18495	23640448		442138
213.18558	2174337		858580
214.18829	4263778		492640
215.17944	4678973		596770
215.20071	50199880		433664
216.20406	8598310		434403
217.12234	2056411		613466
217.1587	2168557		531639
217.19514	5670142		416103
219.10159	1749126		711952
219.13802	2389656		496533
219.17438	2584745		584405
219.2108	60400824		428838
220.21415	11767443		448259
221.08446	2421804		594821
221.11725	8745020		555245
221.11767	1869884		649963
221.15381	2234957		412529
221.19001	1809758		483801
221.19021	1861982		538991
221.22659	5475439		397953
222.12056	1708305		613764
223.06367	2209225		614139
223.09676	12866520		509285
223.09723	1842136		1019632
223.13283	2110441		365804
223.16955	1949178		373166
223.2058	20358154		391886
224.10012	1900457		614371
224.20911	3541980		440524
225.1488	1967500		596719
225.18521	1760413		411467
227.07762	4892414		448372
227.17944	2635564		585403
227.20085	4703030		513563
229.12229	2047640		578563
229.19511	5511865		532192
229.21644	107075264		459406
230.21978	16918658		440471
231.03427	1872874		552354
231.13792	1958424		580292
231.21081	23603768		337104
231.22301	1954621		472476
231.99305	1849231		551846
232.07578	2316211		491426
232.21415	4022768		347939
232.69278	1699008		558102
233.11739	1937017		496145
233.15362	8414600		526634
233.19016	2477976		484509
233.22643	11496872		330002
234.15696	2071353		453374
234.22987	1968728		458832
235.13291	3665114		473402
235.1693	7844073		484079
235.20592	4266233		394379
236.0645	3197540		533619
237.11208	1852186		503691
237.11246	2769947		425668
237.14865	3216426		403052
237.22154	116663368		409593
237.22211	9675848		735092
238.06249	3005348		468412
238.22484	18949606		414010
239.12793	2042712		494767
239.14313	2344798		508528
239.23692	8218757		489603
239.2373	12375941		403375
240.24064	3076378		516714
241.09332	29571694		350346
241.15879	6755976		359099
241.19511	3513494		352433
241.21654	6072991		486849
242.09658	3375097		382470
243.17446	1704860		289396
243.21077	21765546		401337
243.23213	134131120		447840
244.21413	3903274		392426
244.23549	24276786		447257
244.89212	2303019		464856
245.22652	166736048		385803
245.23883	1727405		434423
246.22985	27439646		349054
246.89002	2485008		540783
247.13285	2980201		400188
247.16932	2366838		384464
247.20589	4798340		360271
247.23309	2563981		513357
247.24218	236958608		378285
248.24558	50943228		376634
249.11219	2052656		335104
249.14855	3025725		464556
249.14887	3075133		619440
249.18493	31708746		491729
249.18542	4859466		3094846
249.22149	6071383		297543
249.24888	4155489		385492
249.25803	7722596		417364
250.08641	2353543		499896
250.18827	5593003		461454
250.2249	1857463		622111
250.26126	1884356		430526
250.82375	1808263		422279
251.12818	1871088		388700
251.16355	1832188		796269
251.16442	9943293		319215
251.20083	3399945		381397
251.23724	26892566		376589
252.04164	34208296		399528
252.1595	6222417		360902
252.1678	1954387		336353
252.24062	5042796		403269
253.04495	3661691		500824
253.10731	1797264		453922
253.14371	3242780		315182
253.18017	3979176		358853
253.19517	2372013		556822
253.21663	2006964		441518
254.03961	40983748		414425
255.04288	3310094		385450
255.10906	18480676		421743
255.15939	3144244		399501
255.2108	6271557		402123
255.23219	30752332		437263
256.11249	1726567		423303
256.23557	5654414		458764
256.26354	9056151		399940
257.18999	1849021		457672
257.22642	5963976		445625
257.24765	9903161344		452445
257.26479	1735892		823668
257.26693	2953429		579183
258.25104	1595294208		449942
258.2539	30269962		413433
259.15424	1894686		506663
259.1693	3219235		398720
259.20566	3914542		413878
259.24221	4718394		380153
259.25208	25449276		395947
259.2545	102155072		424082
260.25543	4573293		390941
260.2579	3559533		395406
261.1124	2078061		419049
261.14861	2837368		300503
261.18506	2360706		380061
261.22152	30643598		346943
261.25791	5318040		415859
261.92934	1896542		497364
262.22475	4682677		272027
262.92058	1961855		569809
263.09139	2201520		460558
263.12757	1987515		504892
263.12813	2678203		346038
263.14734	2255808		416857
263.1642	3323333		348589
263.23721	425871328		391207
264.24055	75958520		344692
265.10719	1925357		386851
265.14369	4225015		347001
265.1799	12775937		320175
265.1809	1784321		932629
265.21652	4214796		354333
265.24403	5656083		309648
265.25279	855788032		417467
266.18332	3287832		429344
266.25624	122587944		341195
267.12303	2276889		447746
267.15929	3029026		320322
267.17448	2339366		417406
267.19568	2610220		436057
267.21075	3533872		461856
267.25954	10174525		315162
267.26864	33647680		338365
268.03654	2605839		471393
268.27198	5760334		271819
268.97842	4489737		487040
269.13868	1951283		563849
269.15358	1727031		501984
269.18996	3122753		456042
269.21143	2634311		412434
269.22643	5946955		382950
269.24786	12439120		375746
270.03454	1902878		486830
270.24273	2095444		470099
270.25111	2718038		348425
271.16935	2076738		485016
271.20566	7305291		369941
271.24209	7528533		288552
271.26336	1518751872		402181
272.2668	197775696		338471
273.14849	1892404		402411
273.18491	4145213		272291
273.22135	5939782		378320
273.25776	8028751		296454
273.26772	4452946		339425
273.27012	15387218		328141
273.93145	1825525		438374
273.9618	1908476		346779
274.26106	1749061		322806
274.27412	2237769		435907
275.16424	4132896		419956
275.20066	7151657		330736
275.23712	4196914		294993
275.27345	7967802		357004
276.18178	1903891		416613
276.20406	2465048		376382
276.27685	2320169		383501
277.10707	2356716		336917
277.14348	3175413		353604
277.17991	41539068		324789
277.21638	32740870		325153
277.2526	1732878		274901
277.28918	2138135		475916
278.18323	6909670		330329
278.21972	5867246		311870
278.86523	2463105		423245
279.15955	37050308		324200
279.19557	10864588		353795
279.23219	121460696		340668
280.16287	6605989		265120
280.19888	1860269		519228
280.2355	25393334		328023
280.26377	3963580		331534
280.86308	5124417		381848
281.05043	4372842		702005
281.05119	43071848		376760
281.13871	1869693		347544
281.17506	2219909		419612
281.21102	1949069		323270
281.24793	61806996		396415
282.05075	11063876		389645
282.05447	3210821		350097
282.25135	8979055		367673
282.27942	37788276		315242
282.86099	2467571		480273
283.04802	6765339		428229
283.15418	1737009		370147
283.17545	3746614		381045
283.24212	7883588		342500
283.26242	9304904		650020
283.26308	48143176		427425
283.2637	70015816		425774
283.26439	7985993		583134
283.28278	6087501		284233
284.05056	2620911		417074
284.26647	10972188		449002
284.26708	12389404		402780
284.29409	1874978		1284171
284.29484	11578402		394652
284.9612	2213549		401086
285.14884	1922260		380071
285.17021	2474713		393356
285.18502	2541788		534066
285.22135	7886051		388531
285.24237	3461351		422676
285.24305	1852648		341449
285.2549	1874154		737834
285.27895	12960816128		409895
286.22477	2886065		432321
286.28236	2406374912		404334
287.13536	3305065		290016
287.16424	3303023		444432
287.2006	5401206		373237
287.23702	6493822		337461
287.27335	4421253		461446
287.28355	24919686		323779
287.28586	149347968		381490
287.29291	2887305		426006
287.94715	3918603		428189
288.28682	5145422		309190
288.28927	7305039		326419
288.88591	2244548		504460
289.10716	2010607		419411
289.14342	2395126		465003
289.17992	4910078		344253
289.21626	5466117		357445
289.25263	5417996		343543
289.28897	3406867		419794
289.92631	1733390		288805
290.26902	4607184		438558
290.88378	3227974		455322
291.04938	2679141		453839
291.12285	2198387		412846
291.15919	2569594		443998
291.19555	220389760		302263
291.23195	3936648		376757
291.26842	8288655		318793
292.19808	4792893		575730
292.1989	43885116		323381
292.26379	2209865		345423
292.27187	2115659		406949
293.102	9495269		393613
293.17474	4264690		372918
293.17529	3103090		393898
293.20223	4238071		386843
293.21127	17040120		283068
293.24783	2368768		314924
293.28306	2170118		435956
293.28406	17163014		301789
293.97151	2909060		401780
294.10529	1867676		438448
294.21467	3385776		356134
294.24282	1911221		495473
294.28737	3675069		357058
295.10339	1882448		301407
295.19076	3246176		294301
295.19449	2140768		468321
295.2272	8796262		235481
295.24204	2938985		365005
295.26284	1790061		449917
295.26355	2274925		370436
295.2999	1736307		436999
296.0705	8660220		331918
296.2303	1992472		335270
296.25859	2375965		374050
297.18492	2668991		400249
297.20054	1942978		533839
297.22143	3466182		252042
297.24284	6176202		385848
297.25772	11888076		350707
297.27893	12476880		240147
298.26132	2130041		264947
298.27409	3872379		337041
298.28214	2765437		407733
298.2827	2673789		430431
298.9883	10254069		398013
299.09884	3915528		297785
299.16432	2246931		430608
299.1858	2477847		454776
299.20053	3765017		351852
299.25812	5256995		348674
299.27344	68413224		317625
299.29473	1021470528		343134
300.27676	15583182		322768
300.29807	209283024		337642
301.01447	2080328		431728
301.14104	3202141		400926
301.14355	2301022		322990
301.21625	4325482		308307
301.25264	2518128		379510
301.27373	8347763		347913
301.28907	5844086		319088
301.29904	3934327		322661
301.30142	16076920		296186
302.26898	2175254		406560
302.27717	2502935		432970
302.29226	1990426		429638
303.15908	2635174		354529
303.1956	2511788		379482
303.22983	2153393		396107
303.23199	7563697		314229
303.26827	1772983		358027
303.30471	6058429		362513
304.20947	1848397		369872
305.15995	2032099		237586
305.17471	2518757		442021
305.17549	1723621		404858
305.21121	2556139		337661
305.24765	8360689		307115
305.3203	2145020		366065
306.17	2149760		445240
306.27923	1740689		472262
306.89642	8604656		413674
306.89725	1857520		419658
306.94684	2696184		397119
307.11761	2347538		435962
307.1905	6226973		288565
307.22686	4579363		296785
307.26337	5812264		290234
307.29964	4943918		287835
308.29487	8465604		369911
308.89438	15908127		357126
309.15128	1933637		377843
309.16969	1953096		389499
309.20362	1761613		450757
309.20626	5868877		289628
309.24247	7263571		343381
309.27897	3214680		248281
310.23773	3157478		391212
310.31044	1943025		454384
310.89236	8619590		366676
311.16428	1802862		441386
311.1668	3341935		412500
311.18549	1829489		398600
311.23703	1814649		427163
311.25824	4052604		285253
311.27341	3979902		332570
311.29458	27135618		266026
312.29795	5854995		306908
312.32623	1867031		432311
313.11468	2311048		363213
313.25263	2967963		311961
313.25578	19165084		344855
313.27379	46231456		329243
313.28911	2493857		391392
313.31052	86273952		342580
314.25922	3951658		342740
314.27712	8302637		332865
314.31394	15077426		319623
315.15911	2066089		436723
315.19557	2933934		308208
315.23193	6377651		272456
315.26838	4619448		288569
315.30461	2512061		342632
316.0228	3092769		372423
316.1211	2513199		385855
316.23526	2195263		409753
316.90064	2209179		333366
317.17507	1815488		377919
317.21113	2742213		329996
317.2476	4299210		335317
317.28403	38638032		270338
317.30507	11567570		347747
317.95778	2949675		447258
317.98798	2839087		365785
318.28743	9962072		293230
318.30035	2538074		379838
318.30847	2461275		397547
318.9469	5724850		309019
319.07887	4625091		293182
319.22671	2078935		259176
319.26364	2429148		232531
319.2909	1817824		447522
319.29997	2639073		322545
319.33611	2637542		363993
320.08197	1904458		337178
321.27899	2101226		363348
321.31533	7955438		312161
322.31879	2199155		336803
323.25811	1861870		371921
323.29454	1768179		360282
323.33082	1799927		441666
325.20136	2544106		358275
325.28903	5068277		337807
325.31029	6445560		253970
326.30545	2265720		336116
326.9659	2729676		372364
327.2016	2443498		322231
327.25309	16291569		291064
327.28946	2651893		267150
327.30477	3330807		287119
327.32611	25528058		276250
327.94187	3060552		324873
328.25643	3574640		305493
328.32946	5251962		259779
329.21146	2554345		354224
329.21473	10424297		308959
329.26764	3069936		716679
329.26866	26998768		340875
329.28592	1950194		432948
329.30504	5236725		333506
329.32035	5062647		264314
330.21808	1985127		417314
330.27211	6039662		315665
330.30048	2173810		250163
330.91631	1722047		408433
331.19035	1740001		340944
331.2633	5407979		289144
331.3361	1818355		381967
333.27904	5549542		251362
333.35187	3177455		274929
333.95091	2210873		305725
333.95277	3637817		465653
333.9543	4481593		296571
333.95592	8239674		343389
333.95675	3639866		553331
333.95775	5687866		515133
333.95888	10615354		374055
333.96097	4646458		314657
333.96233	1909306		389312
334.29535	1869411		377022
335.29475	3206623		262760
335.33117	2896612		356641
336.32631	2600798		369309
337.18239	2394056		379388
337.27382	2659283		288931
337.34676	1969628		321720
338.34196	12194902		240298
339.19829	2509504		287413
339.21715	2632386		332059
339.2687	1754313		329335
339.28965	6979787		263428
339.30463	2867405		423148
339.32592	3412176		307402
339.34521	3612882		293771
341.01796	9012640		346800
341.19633	2012086		363369
341.2872	12910017		306456
341.3051	28384706		297079
341.34186	44826056		303138
341.34303	3831240		504272
342.01758	2078235		392574
342.18556	3677743		381290
342.29038	2922044		352890
342.30843	5453375		331292
342.3453	8740419		286169
343.01474	1943190		391280
343.24254	3429042		313526
343.29969	1782457		344667
345.2789	1869229		354949
345.33637	7169973		303610
347.19946	2436251		463007
347.20067	17522844		253086
347.2793	9484453		310571
348.20395	4979992		278860
349.34666	3271591		223414
351.36273	1897634		319338
353.34214	2492826		228053
353.35271	7553948		320124
354.9937	11838570		258212
355.06885	11228275		389158
355.07004	113542256		305314
355.28433	7654543		263273
355.33608	3085461		299713
355.3576	22602904		271756
356.06961	28632306		300713
356.07342	10532082		296532
356.36106	5513494		252184
356.98932	6440294		283316
357.06685	18630000		310583
357.06911	3093360		288888
357.07283	2336624		309252
357.29875	2088333		374602
357.30005	16209293		272749
358.06645	4603374		329990
358.07014	1990126		407450
358.30343	3454476		320132
359.06369	1858156		390072
359.18891	6260348		332818
359.20651	2652798		272677
359.98792	8402658		274099
360.77164	2150213		398377
360.92701	1911641		333630
361.98602	2759648		310251
363.36256	1946256		295149
365.21672	4094334		302790
365.353	2576783		300246
367.33607	5425807		272263
369.12203	2669429		230531
369.30005	4018060		299361
369.35179	13740947		229859
369.37326	39488404		258259
369.3747	3419030		534247
370.21705	1938947		317784
370.35527	4309013		227850
370.37663	9759768		258225
371.10195	4683894		220321
371.27374	1985164		345742
372.10114	1934584		280436
372.77078	2071887		201869
373.20364	3328392		336293
374.7686	6915669		311331
375.19022	1942156		290912
375.31061	6497948		276019
376.22754	8933140		301652
376.7665	5635931		283840
377.2309	2077592		255034
377.32655	3163045		209419
377.3779	2251180		315928
378.76453	1835619		235003
379.3684	1873074		388891
381.3184	5437877		322088
381.34775	3676601		243266
381.35185	3718586		293149
383.331	3453633		250828
383.38881	12053193		237356
384.39208	2909007		301999
385.23641	1762752		246931
385.34672	7736271		276880
386.35055	1946710		271821
387.27465	6298835		292712
388.22761	2543955		339146
391.2515	4826861		334112
391.25276	1821421		402792
391.28444	5126898		216658
391.35719	1729275		347861
392.28825	2099066		354639
393.24795	3101693		319523
393.35174	6594572		293848
395.36592	6863136		474071
395.3674	48978208		254772
396.37083	15415722		256255
397.34685	2398769		217162
397.34978	4047409		342270
397.37437	2308148		292545
397.38157	2802229		499026
397.38316	15104566		268096
397.40269	1926200		342169
397.40455	19102264		253538
398.38633	4529857		207451
398.40604	1954499		383404
398.40796	5138116		275998
399.36223	3574600		290922
399.39905	2163533		337659
401.34157	3284059		263713
403.26323	3718504		283969
404.25884	6381044		287384
405.27929	5938819		274907
406.23841	2575627		251730
406.28279	1749265		339780
407.36733	3641258		293066
408.37087	1802297		250946
409.34681	4935876		250493
409.34993	2675396		230552
409.38316	7833801		260672
410.38638	2836824		303913
411.05639	17719736		255551
411.36235	40313316		249915
411.39884	120660456		237095
412.0599	2436679		310831
412.364	1929843		488741
412.36567	13406835		252797
412.40221	37585528		232922
413.05201	7994070		226619
413.37809	49062660		252308
413.40548	5653257		242130
413.93664	1787733		325436
414.38148	14672789		245502
415.03689	4236276		273226
415.30596	4443163		241509
415.35721	7466018		277104
415.38477	1995302		292394
415.3939	1811496		293289
416.05057	13182087		274985
416.36067	2790580		311874
418.04615	2138537		252686
418.04873	5496233		270770
423.25863	2016422		273445
423.32562	1903280		231746
423.36265	2560694		256752
424.42638	2764115		266244
425.23808	2928076		308669
425.34166	3690971		298043
425.37781	3902944		238339
425.43579	3066345		260517
427.25153	4007672		271153
427.35732	12557064		247216
427.39377	3027725		264583
428.36073	4638622		254937
429.0873	6355979		442645
429.08889	59321356		259664
429.37293	55209012		247429
430.08556	2145441		418878
430.08842	17779874		265488
430.09225	6409378		232858
430.37457	2374861		524299
430.37633	15699149		246409
431.084	1946936		470414
431.08578	11537720		256464
431.09151	2550073		285815
431.37975	2772325		300646
432.0854	2942416		221242
433.31068	3071626		238974
434.233	3308310		257977
434.2697	1980188		346218
436.39005	3618912		211424
439.35741	2150954		318753
441.26751	2474834		288702
441.33663	1924957		319832
441.37292	2389347		211672
443.35222	2676888		222440
445.12044	3322285		214123
445.32358	2154957		348056
445.36767	4146644		262378
447.29719	1888005		251695
450.40583	3090676		284068
451.45156	2288027		168752
452.42147	2042423		214066
452.45764	5132861		236642
465.30717	3410539		284777
467.11893	10158998		238838
469.11442	5035234		230531
470.28983	1799077		233806
472.11315	7034582		228691
473.11684	1912190		219307
473.35469	1831845		237377
474.1114	4005924		253049
475.34567	11659507		234586
475.45119	3784965		206167
476.34912	2626972		235484
479.48282	4597676		210913
480.48604	2369622		293617
489.05551	3120646		257646
493.33854	3174626		242877
493.49844	3610877		195102
495.47752	5424720		240712
501.46672	1998420		217919
503.10786	6007662		227176
503.47841	3478446		290126
503.48246	38394800		227175
504.10714	2817050		257353
504.4858	13372507		232480
505.48897	1973512		243277
505.49843	3021065		193962
506.46572	1782192		265509
507.51396	7720548		213121
508.51749	2296593		203377
513.48798	6406760		227425
514.49141	2302741		283042
515.40898	10650546		295422
515.41334	115729328		201123
516.41664	37135456		197703
517.40924	4803850		200169
517.42004	5346572		183819
518.4125	3166647		177421
519.47719	2541166		246928
519.51435	2076276		208708
521.45636	1864129		230632
521.49299	11950024		223307
521.52959	5472206		186543
522.49638	5269620		222220
522.53275	3652730		207655
523.50854	5916961		214511
524.51206	2545101		258647
525.46668	1833073		254764
527.39201	2112442		269195
527.48239	3792842		227450
528.48607	1760373		210316
529.49814	2441506		223098
530.99289	1759265		224095
531.50948	2469497		259043
531.51388	20319866		219070
532.51713	8564517		216759
533.27194	1757093		226368
533.52066	2575311		220271
533.5295	6461393		200649
534.53294	2450555		226745
535.54537	9904423		194685
536.54906	3816914		177564
537.48842	1817201		252536
539.50367	2342854		244632
541.40802	1772807		264600
541.51924	9164058		216073
542.52269	3018179		239524
545.49303	4050869		224239
547.5087	2896135		239655
547.54523	2279693		210717
549.52436	6793815		209558
549.56097	5614173		215647
550.52778	3194622		237362
550.56475	1913604		196131
551.54021	2210727		219698
561.48801	6955541		213767
561.56084	3465761		204283
562.49132	3455675		216339
562.56419	2419399		215016
563.07488	2771739		234188
563.57647	4555630		223108
564.57997	2415635		233062
567.37534	2242015		259273
567.53494	1784313		260307
569.39117	2087722		232252
569.55077	3023684		225433
573.88857	1809421		186830
576.72739	1791456		232910
577.59194	2096238		257724
594.51891	1840987		189689
599.48276	2257559		205006
629.12621	2077574		129616
646.85587	1772336		177117
649.99092	1997185		137893
663.45441	2957227		180519
672.00374	1807941		149931
694.16725	1787825		155436
697.20494	1867287		163482
700.73061	1823968		183411
701.81581	1782203		159724
703.3319	1886957		142960
708.43554	1822449		149923
715.57689	1810568		166734
715.79316	1801907		147308
723.4065	1885336		129547
758.99547	1849534		160246
765.80195	1968496		123143
775.60161	1798676		109581
787.15863	1888197		147301
795.86807	1891715		154978
796.65624	1853448		143659
801.10708	1890549		148541
814.56195	1873364		147978
821.04155	1837091		147783
850.05667	1927195		135809
853.47353	1923727		97198
866.01069	1920452		123964
871.22518	1835438		102171
873.90405	1856438		134771
878.29652	1820433		157246
878.75742	1951596		121116
883.41136	1875205		118693
892.2256	1960430		145996
895.74501	1817785		154919
901.97124	2096565		105026
910.07224	1898567		115459
912.06765	1861609		99076
919.61266	1913376		87925
922.01647	2251295		123999
932.94881	1856327		166869
941.73301	1851578		61293
980.29763	2015234		113952
1018.46319	1995872		82701
1024.55826	2072923		143108
1027.25685	2016137		100327
1034.03953	1942769		127282
1045.04463	2006906		106291
1056.62611	1905693		94475
1070.3602	1901575		123118
1074.02771	1945254		113534
1090.7306	1903261		120215
1095.92348	2024549		95100
1097.84773	2148303		116681
1102.16073	1878786		126015
1106.03443	1990124		98203
1108.60039	1939936		97387
1109.18554	1891411		115727
1117.05959	1912442		106530
1121.2734	1949151		106423
1123.30616	1865610		104792
1123.88885	1981445		109208
1126.51933	1879606		95793
1136.84895	1879851		131705
1147.94593	1883524		72258
1157.89104	1878908		120644
1162.44541	2078271		69316
1172.76044	2166121		93520
1188.79429	2088319		98770
1191.99229	1909036		108073
1193.09847	2230386		63413
1195.68845	1885039		80969
1213.53032	1923588		103795
1214.68987	2148695		85508
1220.33831	1913796		78890
1229.5833	2041879		96016
1230.80481	2021743		86676
1231.07745	2208188		112409
1232.13716	2046692		101703
1236.79636	1972205		105001
1239.12656	1963624		82561
1259.29385	1957018		72568
1261.15292	1951835		107253
1263.6012	1934499		67215
1271.13294	1982858		73685
1289.93793	2005575		101112
1290.78806	2132232		81995
1292.78318	2100429		112585
1298.57196	1938933		106809
1298.83834	2028082		97056
1300.74656	2074600		82134
1300.94604	1971222		109534
1303.29765	2055734		97351
1307.34065	2023909		107555
1315.81744	1986000		112341
1316.53378	2066047		97689
1317.12582	2318095		90624
1317.34831	1935174		68441
1322.78091	1941647		67666
1323.43956	1948982		82485
1323.96985	2204093		72504
1325.57071	1991510		97380
1328.77806	1928856		90797
1332.2075	2030630		88119
1348.2067	2095102		110153
1353.40156	2082379		109008
1355.60248	2022666		87434
1356.58275	2015814		91515
1358.15253	2049349		60256
1364.78439	1976553		105257
1373.19809	2170956		89924
1378.3847	2026369		70698
1380.39064	2410067		99435
1381.00751	2102066		84280
1386.68992	2073923		65091
1392.66763	1988566		102137
1392.75583	2145783		71058
1393.1752	2027665		80264
1393.84545	1998728		74336
1399.26008	2095448		51792
1400.60907	2036554		90600
1402.63656	2170423		104755
1403.3883	2087757		91145
1407.56616	2104656		92891
1415.2528	2179144		99991
1420.92678	2618435		91222
1422.36876	2209862		77172
1422.38958	2214476		113050
1425.05668	2131452		122731
1425.50418	2043546		105381
1429.08628	2177916		76506
1429.91443	2167963		58414
1432.31168	2024401		100277
1432.73934	2061411		83452
1443.68572	2238081		66323
1444.01642	2311914		90440
1447.5695	2190149		79609
1451.22741	2269088		82940
1453.24202	2249720		62354
1454.73187	2015148		107075
1454.83064	2131913		86836
1461.6648	2015058		96636
1474.64776	2134101		89025
1482.33292	2149177		75129
1484.33216	2262251		90315
1487.44827	2079610		67298
1487.67893	2168233		59450
1488.95247	2134188		88239
1491.74369	2235605		59160
1496.81883	2261134		66106
1501.98234	2387473		76128
1508.32831	2332159		98193
1508.83183	2015818		109889
1509.00948	2177636		80639
1517.46298	2220775		85412
1517.89099	2076956		55845
1526.39704	2048215		61234
1531.39698	2214571		69102
1534.59053	2094514		91199
1536.01286	2289694		60886
1541.96231	2170788		76358
1542.38962	2051004		105143
1542.50949	2365379		87186
1542.7917	2322386		91363
1548.00265	2149579		83619
1558.05813	2256345		78023
1558.13578	2524635		90990
1560.0771	2104307		63159
1560.64958	2083321		81487
1565.66671	2228755		65224
1566.23125	2027028		89417
1575.17612	2060776		90927
1583.41752	2163086		79152
1584.08709	2053510		83516
1593.18595	2015528		113755
1594.12729	2420001		89336
1594.1835	2010401		64839
1595.52327	2018585		76136
1596.24712	2055445		79319
